128 0.1 46
128 0.1 67
128 0.1 16
128 0.1 15
128 0.1 11
128 0.1 14
128 0.1 14
128 0.1 31
128 0.1 21
128 0.1 73
128 0.1 15
128 0.1 16
128 0.1 12
128 0.1 16
128 0.1 16
128 0.1 14
128 0.1 15
128 0.1 11
128 0.1 16
128 0.1 15
128 0.1 20
128 0.1 70
128 0.1 77
128 0.1 66
128 0.2 70
128 0.2 41
128 0.2 14
128 0.2 15
128 0.2 15
128 0.2 19
128 0.2 79
128 0.2 29
128 0.2 15
128 0.2 20
128 0.2 73
128 0.2 61
128 0.2 73
128 0.2 75
128 0.2 44
128 0.2 15
128 0.2 16
128 0.2 30
128 0.2 22
128 0.2 48
128 0.2 99
128 0.2 66
128 0.2 49
128 0.2 73
128 0.2 39
128 0.2 97
128 0.3 59
128 0.3 51
128 0.3 45
128 0.3 100
128 0.3 81
128 0.3 69
128 0.3 55
128 0.3 49
128 0.3 55
128 0.3 55
128 0.3 41
128 0.3 18
128 0.3 14
128 0.3 57
128 0.3 40
128 0.3 84
128 0.3 51
128 0.3 70
128 0.3 74
128 0.3 33
128 0.3 78
128 0.3 17
128 0.3 15
128 0.3 54
128 0.3 52
128 0.3 18
128 0.4 14
128 0.4 55
128 0.4 12
128 0.4 26
128 0.4 15
128 0.4 16
128 0.4 34
128 0.4 15
128 0.4 15
128 0.4 16
128 0.4 39
128 0.4 70
128 0.4 12
128 0.4 52
128 0.4 79
128 0.4 36
128 0.4 37
128 0.4 14
128 0.4 15
128 0.4 14
128 0.4 14
128 0.4 15
128 0.4 13
128 0.4 15
128 0.4 15
128 0.4 16
128 0.4 52
128 0.4 14
32 0.1 17
32 0.1 11
32 0.1 16
32 0.1 11
32 0.1 11
32 0.1 12
32 0.1 17
32 0.1 44
32 0.1 14
32 0.1 15
32 0.1 11
32 0.1 12
32 0.1 11
32 0.1 11
32 0.1 53
32 0.1 49
32 0.1 13
32 0.1 49
32 0.1 12
32 0.1 12
32 0.2 11
32 0.2 11
32 0.2 11
32 0.2 13
32 0.2 13
32 0.2 13
32 0.2 15
32 0.2 12
32 0.2 12
32 0.2 11
32 0.2 12
32 0.2 14
32 0.2 15
32 0.2 14
32 0.2 11
32 0.2 11
32 0.2 11
32 0.2 11
32 0.2 13
32 0.2 14
32 0.2 13
32 0.2 45
32 0.3 33
32 0.3 11
32 0.3 11
32 0.3 15
32 0.3 14
32 0.3 14
32 0.3 11
32 0.3 13
32 0.3 15
32 0.3 12
32 0.3 13
32 0.3 11
32 0.3 28
32 0.3 11
32 0.3 11
32 0.3 15
32 0.3 14
32 0.3 14
32 0.4 10
32 0.4 32
32 0.4 54
32 0.4 14
32 0.4 13
32 0.4 11
32 0.4 15
32 0.4 28
32 0.4 13
32 0.4 11
32 0.4 21
32 0.4 25
32 0.4 17
32 0.4 19
32 0.4 20
32 0.4 11
32 0.4 12
32 0.4 21
32 0.4 12
32 0.4 11
64 0.1 12
64 0.1 16
64 0.1 11
64 0.1 14
64 0.1 14
64 0.1 11
64 0.1 62
64 0.1 16
64 0.1 14
64 0.1 14
64 0.1 11
64 0.1 13
64 0.1 13
64 0.1 11
64 0.1 12
64 0.1 14
64 0.1 61
64 0.1 11
64 0.1 11
64 0.1 15
64 0.1 13
64 0.1 13
64 0.1 15
64 0.1 15
64 0.1 14
64 0.1 60
64 0.2 17
64 0.2 20
64 0.2 11
64 0.2 13
64 0.2 13
64 0.2 13
64 0.2 13
64 0.2 11
64 0.2 12
64 0.2 11
64 0.2 14
64 0.2 13
64 0.2 11
64 0.2 13
64 0.2 11
64 0.2 14
64 0.2 13
64 0.2 16
64 0.2 14
64 0.2 15
64 0.2 14
64 0.2 12
64 0.2 72
64 0.2 11
64 0.2 11
64 0.3 11
64 0.3 17
64 0.3 12
64 0.3 13
64 0.3 13
64 0.3 13
64 0.3 15
64 0.3 13
64 0.3 11
64 0.3 11
64 0.3 11
64 0.3 13
64 0.3 13
64 0.3 13
64 0.3 13
64 0.3 14
64 0.3 45
64 0.3 16
64 0.3 47
64 0.3 11
64 0.3 11
64 0.3 15
64 0.3 15
64 0.3 16
64 0.3 14
64 0.3 11
64 0.3 11
64 0.4 11
64 0.4 14
64 0.4 14
64 0.4 11
64 0.4 14
64 0.4 13
64 0.4 13
64 0.4 14
64 0.4 14
64 0.4 60
64 0.4 14
64 0.4 12
64 0.4 11
64 0.4 15
64 0.4 13
64 0.4 13
64 0.4 13
64 0.4 17
64 0.4 13
64 0.4 16
64 0.4 11
64 0.4 11
64 0.4 14
64 0.4 14
64 0.4 14
8 0.1 3
8 0.1 14
8 0.1 0
8 0.1 4
8 0.1 0
8 0.1 0
8 0.1 3
8 0.1 0
8 0.1 0
8 0.1 0
8 0.1 4
8 0.1 3
8 0.1 0
8 0.1 0
8 0.1 3
8 0.1 0
8 0.1 0
8 0.1 0
8 0.1 3
8 0.1 0
8 0.1 0
8 0.1 0
8 0.1 0
8 0.1 0
8 0.1 0
8 0.1 0
8 0.1 0
8 0.1 3
8 0.2 7
8 0.2 4
8 0.2 8
8 0.2 8
8 0.2 6
8 0.2 4
8 0.2 7
8 0.2 7
8 0.2 7
8 0.2 7
8 0.2 8
8 0.2 7
8 0.2 7
8 0.2 9
8 0.2 3
8 0.2 8
8 0.3 8
8 0.3 8
8 0.3 7
8 0.3 7
8 0.3 8
8 0.3 8
8 0.3 6
8 0.3 6
4 0.1 0
4 0.1 0
4 0.1 0
4 0.1 0
4 0.1 0
4 0.1 0
4 0.1 0
4 0.1 0
4 0.1 0
4 0.1 0
4 0.1 0
4 0.1 0
4 0.1 0
4 0.1 0
4 0.1 0
4 0.1 0
4 0.1 0
4 0.1 0
4 0.1 0
4 0.1 0
4 0.1 0
4 0.1 0
4 0.1 0
4 0.1 0
4 0.1 0
4 0.1 0
4 0.1 0
4 0.1 0
4 0.1 0
4 0.2 0
4 0.2 0
4 0.2 0
4 0.2 0
4 0.2 0
4 0.2 0
4 0.2 0
4 0.2 0
4 0.2 0
4 0.2 0
4 0.2 1
4 0.2 0
4 0.2 0
4 0.2 0
4 0.2 0
4 0.2 0
4 0.2 0
4 0.2 0
4 0.2 0
4 0.2 1
4 0.2 0
4 0.2 0
4 0.2 0
4 0.2 0
4 0.2 0
4 0.2 0
4 0.2 0
4 0.2 0
4 0.2 0
16 0.1 31
16 0.1 9
16 0.1 13
16 0.1 12
16 0.1 10
16 0.1 12
16 0.1 14
16 0.1 10
16 0.1 15
16 0.1 16
16 0.1 12
16 0.1 10
16 0.1 11
16 0.1 29
16 0.2 24
16 0.2 11
16 0.2 10
16 0.2 18
16 0.2 14
16 0.2 22
16 0.2 28
16 0.2 10
16 0.2 18
16 0.2 10
16 0.2 30
16 0.2 20
16 0.3 16
16 0.3 16
16 0.3 10
16 0.3 21
16 0.3 23
16 0.3 12
16 0.3 10
16 0.3 11
16 0.3 15
16 0.3 10
16 0.3 17
16 0.3 15
16 0.3 38
16 0.3 26
16 0.3 11
16 0.4 12
16 0.4 18
16 0.4 10
16 0.4 14
16 0.4 16
16 0.4 14
16 0.4 25
16 0.4 9
16 0.4 36
16 0.4 10
16 0.4 19
16 0.4 24
16 0.4 10
16 0.4 12
16 0.4 12
16 0.1 10
16 0.1 10
16 0.1 15
16 0.1 29
16 0.1 18
16 0.1 17
16 0.1 23
16 0.1 10
16 0.1 14
16 0.1 28
16 0.1 20
16 0.1 21
16 0.1 15
16 0.1 34
16 0.1 32
16 0.2 10
16 0.2 10
16 0.2 10
16 0.2 10
16 0.2 28
16 0.2 27
16 0.2 12
16 0.2 12
16 0.2 15
16 0.2 12
16 0.2 23
16 0.2 11
16 0.2 20
16 0.2 15
16 0.2 10
16 0.2 19
16 0.2 35
16 0.2 10
16 0.3 22
16 0.3 24
16 0.3 9
16 0.3 13
16 0.3 21
16 0.3 10
16 0.3 21
16 0.3 15
16 0.3 69
16 0.3 9
16 0.3 10
16 0.3 12
16 0.3 12
16 0.3 34
16 0.4 12
16 0.4 10
16 0.4 13
16 0.4 10
16 0.4 11
16 0.4 11
16 0.4 26
16 0.4 20
16 0.4 20
16 0.4 21